917204031061
919864741421	
918653915688
919885422903
917735319161
919081315994
919168327490
918696735385
918005603839
917984222512
918253006563
919170974152
919343106337
918677842283
917602414312
919510600571
918178952064
917879684722
917800994006
918949876875
919512948665
919047605721
918688473354
918767082939
919726225776
918653124843
918788682982
917080143385
917011082455
918884737818
917828759133
919600627987
919796242450
916282735524
917200392008
916367362613
918431549216
919365465043
919167858430
916206217268
919656248158
918826494268
918572861867
919691596560
916900941612
919339148046
916300916255
916363303341
918273673417
917659943070
919741164234
918800496698
918144434350
















	


