380953174953 
380976513231 
380689011534 
380992486845 
380990777154 
380663412026 
380975143060 
380968155131 
380637259339 
380951984638 
380952513506 
380967091018 
380669710039 
380933909274 
380683888333 
380972220167 
380667962151 
380668300042 
380953497809 
380957575439 
380680240620 
380681987223 
380950041264 
380967613040 
380956321224 
380664863021 
380505975733 
380976536140 
380679816285 
380967361550 
380991328276 
380967001930 
380978832400 
380685933877 
380956092031 
380993668286 
380989849040 
380973170549 
380958586225 
380970952295 
380966110974 
380632528325 
380991614872 
380631258051 
380982667351 
380963609495 
380969975423 
380501424823 
380965231519 
380957779933 
380960902439 
380964026830 
380972346549 
380975321389 
380972786334 
380978674293 
380955582719 
380963115053 
380932866285 
380972274134 
380638559674 
380633181478 
380971568457 
380639654859 
380961687739 
380634566423 
380994528969 
380967753426 
380952561176 
380631781016 
380955273850 
380632974334 
380959463095 
380969481736 
380679382009 
380953256297 
380965859653 
380688798301 
380634355941 
380963101280 
380665300314 
380955766877 
380990342092 
380990678670 
380971987607 
380985913531 
380956326838 
380953160480 
380681830148 
380935610427 
380956534023 
380970143032 
380965859940 
380679624000 
380994722943 
380971264411 
380969955077 
380965191507 
380974647699 
380999731496 
380685337739 
380990860780 
380978416528 
380973245620 
380500361419 
380632685231 
380963943974 
380969549475 
380958650911 
380638720174 
380999706919 
380630444225 
380933552934 
380681218683 
380505557734 
380676223288 
380673730701 
380977606330 
380961995502 
380937745057 
380952482664 
380979851685 
380963264436 
380633023870 
380969315980 
380958157919 
380506218918 
380971271033 
380993234354 
380995004955 
380687150553 
380996834833 
380930454060 
380633017612 
380979772577 
380999041824 
380630509818 
380931133000 
380952146210 
380968221469 
380997645717 
380967849391 
380683164192 
380967336473 
380969857339 
380932352099 
380978253343 
380979478131 
380974838702 
380679185350 
380661281200 
380956084445 
380506565720 
380987289191 
380502842690 
380673675418 
380951005609 
380931271548 
380501904003 
380956283532 
380985276292 
380992579508 
380990398503 
380955327534 
380683298451 
380681101480 
380684668983 
380951795066 
380990751613 
380936329455 
380953925854 
380951064522 
380993516429 
380977244653 
380684216005 
380673459419 
380958539157 
380951597614 
380964948579 
380964178360 
380955097300 
380967133217 
380975738020 
380978767536 
380969475706 
380976180756 
380664080140 
380992184444 
380952516387 
380982180598 
380681928884 
380969310176 
380950068776 
380972426887 
380502605539 
380955713601 
380950521913 
380969245788 
380963403002 
380631340866 
380631003333 
380952457384 
380993333833 
380978250041 
380680347522 
380979097262 
380685139857 
380505622286 
380954027476 
380500711533 
380992618941 
380963629813 
380964928675 
380997114022 
380969338821 
380972538540 
380688261790 
380978312448 
380939776155 
380672988698 
380668335669 
380672776993 
380671653552 
380683147267 
380996491395 
380955306884 
380990323522 
380963128592 
380963417712 
380634888864 
380977010071 
380937971971 
380664013039 
380975758420 
380996375758 
380999515227 
380969610696 
380990770356 
380955003265 
380977413852 
380969197335 
380992532745 
380990698459 
380972518177 
380964005587 
380975505492 
380977446323 
380975099165 
380958070400 
380632785454 
380684254511 
380508391923 
380503708107 
380953643090 
380632362726 
380953655265 
380973361818 
380974680728 
380953220740 
380953772057 
380634230332 
380996049134 
380973467829 
380978370825 
380931528991 
380635990097 
380956775985 
380630363774 
380957247354 
380951888812 
380952581043 
380969283833 
380683980138 
380957235135 
380967500858 
380632489744 
380967277688 
380957911825 
380994298481 
380978496177 
380665103067 
380974156415 
380971982141 
380955812929 
380959037041 
380680990075 
380960789346 
380971362541 
380931214447 
380990566377 
380930677186 
380958216770 
380963458703 
380683147305 
380994237412 
380952799920 
380992281525 
380975769597 
380974100969 
380997649505 
380675713633 
380979124844 
380687765877 
380967512026 
380964466211 
380504730067 
380963918704 
380964966847 
380971646761 
380982225999 
380950724549 
380990457989 
380956380837 
380961907971 
380681151168 
380988340420 
380997168244 
380953275662 
380960065371 
380992375128 
380980249595 
380689091438 
380672315393 
380993727240 
380984935545 
380634219140 
380950266148 
380683461798 
380989176101 
380633643710 
380974701083 
380633808340 
380958196039 
380990527038 
380973315161 
380508182137 
380632246492 
380990908790 
380956986734 
380987241554 
380992520532 
380638961249 
380997673925 
380979240126 
380677264090 
380975567337 
380971302024 
380953057769 
380678709212 
380665104336 
380970565769 
380672760343 
380990607930 
380976095372 
380630206201 
380934545934 
380936917909 
380938063688 
380686543870 
380503404847 
380675247494 
380968938523 
380967028035 
380979150672 
380676826907 
380960882712 
380989339132 
380961496935 
380638175633 
380664823084 
380638224049 
380953447995 
380967437868 
380990355492 
380634210315 
380992452979 
380687894864 
380968407373 
380981201494 
380952481649 
380632512811 
380999204118 
380957636084 
380951043946 
380678523200 
380962907056 
380990456804 
380633233151 
380956296987 
380971591021 
380936220532 
380633898534 
380979661706 
380996179662 
380632757825 
380507842460 
380988553155 
380962524828 
380997759453 
380975020349 
380975295666 
380964563304 
380633545307 
380935286006 
380634304933 
380631333783 
380978790703 
380990403438 
380990008810 
380637608495 
380953387465 
380950438915 
380969969620 
380682467007 
380507790401 
380631904532 
380683358989 
380686819861 
380992290943 
380960396976 
380977387442 
380997744675 
380955782475 
380675432131 
380509474921 
380992527873 
380968213339 
380636005771 
380688508576 
380971040154 
380660562736 
380632646753 
380939605740 
380505254351 
380957791209 
380963077942 
380957141492 
380950093777 
380954239969 
380633122814 
380992329740 
380681362135 
380979371489 
380974565484 
380976902701 
380938485399 
380982442007 
380680031707 
380989385391 
380632429356 
380999193083 
380962527128 
380965819523 
380939828129 
380991181607 
380996820775 
380680354455 
380931635833 
380994106598 
380938479740 
380962780793 
380976955585 
380632527244 
380634862201 
380972188017 
380993002170 
380934438738 
380983602615 
380983546540 
380683726989 
380993734347 
380953181882 
380994012405 
380962123051 
380992052501 
380969961349 
380636222630 
380666947878 
380954877916 
380987214377 
380993108873 
380958426967 
380678970873 
380999612653 
380967547833 
380992051317 
380669997404 
380961661797 
380970604284 
380639429300 
380967053276 
380637175697 
380675653375 
380964354492 
380667129464 
380688138355 
380962367486 
380969105952 
380508327539 
380961858418 
380674097865 
380939860152 
380979085678 
380957240375 
380978212922 
380999007229 
380993728881 
380632040858 
380965370470 
380966267578 
380975552351 
380968025056 
380632830286 
380687389203 
380975376643 
380632992541 
380953959716 
380977274439 
380966579625 
380685053951 
380962185525 
380634329791 
380985101441 
380951911001 
380957423699 
380991116602 
380992856353 
380965611229 
380934717143 
380633789040 
380993617506 
380997134535 
380956705750 
380997863443 
380961609645 
380630797319 
380963060339 
380990528316 
380980457717 
380958887843 
380979058904 
380930388938 
380638426459 
380930749764 
380972220607 
380637620535 
380955273627 
380982535235 
380689367073 
380997631823 
380958025172 
380993458287 
380993176338 
380997614843 
380982690997 
380950192073 
380963739319 
380632093097 
380993576536 
380666191596 
380976445598 
380979708999 
380962799627 
380686187785 
380988994279 
380965606965 
380952589605 
380972748808 
380985268697 
380977103074 
380973560236 
380986722592 
380968966254 
380973610322 
380668013307 
380968384905 
380990877468 
380633682181 
380962276490 
380973198739 
380673270000 
380960151306 
380637770004 
380932131405 
380506528885 
380991583688 
380962970877 
380999686617 
380965884456 
380950669934 
380680316779 
380975317496 
380958630377 
380994506420 
380972346306 
380685184108 
380685880629 
380958087860 
380967284767 
380977215988 
380966444919 
380960507768 
380976352553 
380970906141 
380997806771 
380980142915 
380502336328 
380972924713 
380963939015 
380677731863 
380635918990 
380935211855 
380988199904 
380967684748 
380965739261 
380983677245 
380973692603 
380972729032 
380634974241 
380984987233 
380994862798 
380959205307 
380930374287 
380974521767 
380974674279 
380970176958 
380956087748 
380681684920 
380990060270 
380994499780 
380635661184 
380677341524 
380983012004 
380680951213 
380663506218 
380972943232 
380973409326 
380952502760 
380971061724 
380978055183 
380638716705 
380688668098 
380966156976 
380680742624 
380979249957 
380633773417 
380674872312 
380680492890 
380661347497 
380979747875 
380635135950 
380935265145 
380975434475 
380675629192 
380931443562 
380937107704 
380975676885 
380639361912 
380638297102 
380665505548 
380953478646 
380972825121 
380966352004 
380985394667 
380666301755 
380679106668 
380970571781 
380630724812 
380683819564 
380508676995 
380677948546 
380685298344 
380978228002 
380686826000 
380973651092 
380996221840 
380680205090 
380989522460 
380992843643 
380954179488 
380950685414 
380937402798 
380682352866 
380959087074 
380934455368 
380973989291 
380632973349 
380930546240 
380634251185 
380676394019 
380664947177 
380955628536 
380686577632 
380971593408 
380999264205 
380637352418 
380674808612 
380638043697 
380638394631 
380996657169 
380951315595 
380994091984 
380952608853 
380992868902 
380938398674 
380678062355 
380953070581 
380936098545 
380964077753 
380963580993 
380934945828 
380966388267 
380961970111 
380957523382 
380970768789 
380673641040 
380979354547 
380973683197 
380666467952 
380994241561 
380997284497 
380979503373 
380958777970 
380973993275 
380967164704 
380971423988 
380950620364 
380995273908 
380999245349 
380632738278 
380964829043 
380632671745 
380982520565 
380978568055 
380960007288 
380677743182 
380968791770 
380974884372 
380977781248 
380982621918 
380675082458 
380637826047 
380669312279 
380976963417 
380934951121 
380985390334 
380682011970 
380993116248 
380502164759 
380633116089 
380509100304 
380962033162 
380973732441 
380962550832 
380997779899 
380979156420 
380996472964 
380687651881 
380975147098 
380638736766 
380636179457 
380995350046 
380997264482 
380677357507 
380993465360 
380667538857 
380957707853 
380661215555 
380631024810 
380934253024 
380937658342 
380931534589 
380632303548 
380954506626 
380951911490 
380963628590 
380962012499 
380952238509 
380972581699 
380997416669 
380999875128 
380977066206 
380979116474 
380955102584 
380632296974 
380666340557 
380973592154 
380506086155 
380970720457 
380959056331 
380996386818 
380970079341 
380631183083 
380979122150 
380978312915 
380974807739 
380955661984 
380968780430 
380995312550 
380638678595 
380971864465 
380955608908 
380682939993 
380686746842 
380952297315 
380974692826 
380687867997 
380961732015 
380954947277 
380978877234 
380978653623 
380932341424 
380997718501 
380965777409 
380965858135 
380968175272 
380974557826 
380660136863 
380954860689 
380661013544 
380990555436 
380951052526 
380934556125 
380963725822 
380976925189 
380960873708 
380957018095 
380950141579 
380951280812 
380994953676 
380994269371 
380967231711 
380504488698 
380976942978 
380634566688 
380664552066 
380635327008 
380938252524 
380990210621 
380976152828 
380674316268 
380637806150 
380988836908 
380999246743 
380966118797 
380951716901 
380679128865 
380957481342 
380675232301 
380977861703 
380681514310 
380967350505 
380955162703 
380979747873 
380674086177 
380958103980 
380678291911 
380674965221 
380957379134 
380686108985 
380955787145 
380977092668 
380960460400 
380679185112 
380961358890 
380631070307 
380951753292 
380689453940 
380939387477 
380991923003 
380994009055 
380990652765 
380672993278 
380990151314 
380977428721 
380938134042 
380932263811 
380999569954 
380955412255 
380677264930 
380991931769 
380955771274 
380993687344 
380957728946 
380966200647 
380990869058 
380684268805 
380509744396 
380997080696 
380974891919 
380970400120 
380970557052 
380975051312 
380995331330 
380630508782 
380689894909 
380951409391 
380968156171 
380955498025 
380970991202 
380997194755 
380952595148 
380934432444 
380632075344 
380983730906 
380686004809 
380633062015 
380997594327 
380961961370 
380633793756 
380994196505 
380666191617 
380956329185 
380976994519 
380682371799 
380958453882 
380688115678 
380994777707 
380503367459 
380678253911 
380631828923 
380687507720 
380953963209 
380954837002 
380961629068 
380959291906 
380963253262 
380638144694 
380663505869 
380955023637 
380978994670 
380971532885 
380987366006 
380672261526 
380958547149 
380677053947 
380999237409 
380999841563 
380977223681 
380978127653 
380634987382 
380967246538 
380984305060 
380958974114 
380636157639 
380990054391 
380954226276 
380958283141 
380679493794 
380957899294 
380935653277 
380679223496 
380632278129 
380668066932 
380953348177 
380958242648 
380633785484 
380952088332 
380977159804 
380962488430 
380994303002 
380975034727 
380961812221 
380994329464 
380503025063 
380685091587 
380997008984 
380667906820 
380639424749 
380969356424 
380966808564 
380965777507 
380990457309 
380964387338 
380664737832 
