79069816129
79009069853
79384509792
79028017998
79115039624
79188957011
79052163094
79001234775
79206523332
79030648013
79050759487
79278049780
79188034936
79021682077
79298917287
79281026711
79109190444
79025025569
79516587933
79193238920
79033554909
79117775828
79280397181
79146036522
79095044303
79246609460
79177576877
79036661862
79183423335
79529035621
79509595871
79032320209
79198214885
79123111913
79515917283
79169164383
79163218195
79518003533
79287151920
79093012133
79167050724
79524358149
79021265622
79533873086
79037554534
79166059009
79235217070
79198706416
79254233169
79207876713
79059048447
79164411512
79189815945
79034511626
79260929765
79172470262
79081062576
79301013902
79194735261
79164725333
79140444591
79286982743
79173300210
79221091049
79242839628
79376483530
79260405176
79278520570
79191390564
79242536068
79237964769
79120638819
79118958162
79104609325
79183257262
79531904574
79092332748
79285261894
79132608464
79186121581
79264298801
79109708729
79187700747
79102000208
79219928625
79019039015
79253411197
79279187219
79179604937
79519983146
79167516279
79282040111
79535358049
79274777874
79106267238
79030945488
79168783338
79134183900
79137543678
79037089192
79149644405
79245318008
79282171490
79278637033
79081927969
79122126468
79184219775
79215864814
79264762033
79002115337
79103387828
79066682234
79263830305
79284309531
79284526586
79196183090
79068861130
79113923777
79104037032
79139064818
79146516374
79063754012
79063070048
79234965520
79159767509
79262866285
79177665063
79393099846
79182359626
79370031189
79095673940
79175795906
79178569122
79054232232
79134317484
79012074206
79046440430
79298258226
79226259033
79097859197
79021324503
79124340018
79182323740
79196913552
79532763590
79188606093
79501377775
79373555386
79535468330
79082776766
79250656783
79026010068
79168697457
79051087617
79269364445
79164597333
79281536170
79104280840
79188241621
79192045424
79010977786
79269693573
79141000619
79107265218
79013561999
79203143626
79251932848
79186764641
79263697830
79006064151
79166138805
79086690211
79155160549
79004953742
79140608059
79206608319
79201379046
79196431875
79375346677
79518363022
79141760125
79182990592
79043876833
79493260576
79045865529
79297763855
79258181830
79500680177
79537674391
79381066646
79282844331
79150998779
79494660736
79154359127
79180892622
79285290057
79095933030
79275547488
79191516857
79194569558
79022095771
79166328327
79203909252
79032515758
79166093777
79034282368
79104517155
79049287273
79261804035
79234404738
79209690088
79323341142
79147843440
79258487029
79186334633
79205052520
79274883285
79536865995
79521353349
79177504135
79505627838
79161283905
79235401901
79108621453
79140855425
79516907335
79270097987
79178691867
79153621436
79119155787
79025686273
79053773918
79103597515
79226550081
79383566547
79137645774
79262464108
79208900155
79226383893
79316144109
79016454304
79524063956
79228352790
79301105091
79050664538
79094372884
79189956656
79525412424
79226257293
79520635696
79531670068
79241786277
79032769889
79378057532
79109192870
79371939919
79287749981
79138797544
79377354333
79053425281
79003689829
79296766430
79161260669
79505400453
79089153230
79165719935
79162159373
79409111132
79513356707
79168892763
79324301768
79269236999
79531376984
79061997999
79025941958
79280525835
79275236255
79166784050
79035385020
79274153523
79188894609
79200295787
79501527199
79374408260
79181503130
79231498030
79522158574
79274300142
79138166630
79198545458
79083099705
79210101388
79024148371
79500145600
79122201047
79169860626
79159010058
79521799339
79012825630
79161366664
79254151466
79534884140
79535046839
79374836893
79380790080
79275969991
79494220188
79025790726
79184111728
79013676209
79210010085
79279508508
79068810088
79522151986
79174607251
79529059905
79156485479
79173232901
79505226643
79152708406
79509078957
79223096842
79254799259
79056970017
79274282769
79104278018
79132891949
79503182933
79207725534
79160992069
79251853701
79107414625
79099446311
79121034919
79006057538
79285215666
79166121863
79493186553
79109905677
79283572171
79188765748
79506462685
79511366168
79096692747
79528875078
79062102915
79172670963
79284484642
79298853000
79310016607
79182433390
79132516198
79284386028
79140179102
79196737118
79203828126
79112452115
79119974001
79017981878
79138978460
79283332673
79178849525
79132427328
79058129826
79241667509
79324298878
79538612507
79085777453
79047895735
79118141900
79127605718
79278955786
79204191311
79269003009
79182717170
79195518996
79535239639
79182932405
79502774253
79384220997
79193435252
79164617512
79176758383
79204605965
79188260467
79371686400
79015170373
79003590200
79172615506
79172808180
79021337577
79037073178
79085524430
79207048973
79113559557
79222585091
79188389426
79095546460
79269186362
79220557605
79232793549
79043099012
79033496977
79038431215
79276093442
79295666718
79281700382
79225310834
79184825601
79536374655
79275543538
79144551826
79091338433
79132577587
79136974763
79108230118
79033591040
79262763603
79130200532
79113852067
79057167229
79273148090
79104671296
79171619478
79375538669
79530652079
79034569509
79143550117
79142991478
79174702104
79132099628
79166988397
79060525521
79513118425
79150164832
79003812382
79282032869
79323349741
79375442545
79163582510
79050993412
79134602691
79017721468
79001005041
79288717906
79126840071
79307378414
79108639295
79153606224
79097413636
79182474962
79010020945
79141860901
79165240652
79506612476
79026189213
79110113732
79215841281
79128142515
79533913643
79142366202
79524358935
79161731046
79526469502
79279318758
79198929260
79263503148
79215961546
79515046653
79168715931
79127241779
79133989244
79493337276
79133220461
79055876156
79209520201
79169459746
79112352932
79102768214
79259743154
79508981999
79185915847
79114957188
79522904120
79119223134
79086728784
79091883446
79253736237
79125528869
79213541228
79192290108
79051696994
79037535150
79524385395
79163929313
79138342417
79527881032
79167155835
79158600486
79170343273
79218849732
79102246226
79529556739
79041263085
79150180741
79153974603
79043622847
79132887016
79066404162
79174954753
79216482456
79360000346
79201127226
79537029109
79196732903
79163680205
79307773334
79040054547
79105970322
79500739973
79085088505
79037984912
79282763133
79097034951
79203741138
79183656410
79143606027
79210121961
79168517567
79184267078
79397076261
79098800297
79275270876
79176184494
79148641892
79013346682
79502752742
79333390299
79525417913
79040942131
79087566636
79084403281
79214270934
79201113481
79514697006
79166959699
79139694611
79297808889
79069809899
79036700515
79152853223
79261378685
79247360229
79134195896
79165998489
79511262488
79128555385
79272258320
79213631540
79510196144
79102553167
79522043647
79093593803
79284056118
79135826558
79231721708
79145962812
79528116249
79086661125
79272102937
79178750056
79139724770
79218707165
79041222212
79166622853
79174505284
79279718752
79284157351
79508029144
79258377882
79183151064
79043209554
79210090710
79166568247
79114519472
79185446888
79009049514
79213473565
79033762442
79053204845
79149034097
79202581999
79015140519
79277845590
79189132310
79016957002
79286983508
79197656395
79371187877
79038961966
79532701186
79160256982
79237054034
79505739031
79004397753
79057197060
79174867785
79089088501
79180357482
79299360959
79221938013
79241302101
79178601211
79525071994
79193886686
79151127181
79116846473
79225313895
79029612882
79057789876
79033324008
79178933127
79019104877
79372522622
79119684110
79263317130
79082310754
79258916409
79254573767
79201132633
79505341949
79037872888
79086035205
79005349533
79218525676
79113266787
79036604145
79372585740
79208303465
79051557256
79002565905
79159717009
79119750307
79188624114
79141350007
79534319816
79516864510
79137465584
79128260973
79092356296
79296207113
79200522050
79113089172
79247099969
79204704173
79054107272
79030817202
79263041796
79274096132
79150749598
79370697271
79032144077
79024036867
79526183575
79161823302
79104958332
79088938083
79200688815
79136571313
79222256380
79262622445
79108247484
79139558857
79505645830
79255756196
79048729105
79248624359
79260713148
79347772233
79103540124
79002301978
79208823982
79252896309
79038538972
79304398009
79135741605
79171117649
79158317351
79276620538
79160068198
79252774776
79147754642
79280493890
79053326228
79031336000
79028686613
79501691215
79174387749
79030949993
79289138990
79181158300
79168184607
79099006659
79132471502
79183839442
79142382814
79167986482
79108969907
79052645063
79119315759
79269085115
79122822789
79200275115
79051917193
79288837999
79161630913
79157666222
79292525310
79133611428
79525317861
79065741262
79222727377
79190554189
79280295474
79003596988
79493132726
79507159560
79274220510
79166622578
79121517833
79102551583
79267017474
79233948015
79266071292
79188727097
79161873388
79263206030
79002018040
79145202557
79282859635
79134470690
79046668410
79516457641
79306844402
79236252541
79303034845
79383555597
79533256448
79039549967
79068849512
79090551534
79236647093
79516601852
79269724474
79094556358
79042000145
79176174377
79288477077
79187574328
79082423100
79020533518
79290160800
79277501969
79034634000
79159958779
79244438161
79144197090
79259979446
79502882622
79105462526
79176218746
79374103917
79288172737
79515573920
79178117287
79124597394
79381189369
79180789259
79069594643
79409203532
79234677618
79140619369
79495226194
79165004316
79154291484
79296058539
79064989015
79191665321
79133697219
79044915613
79090990584
79117410146
79119064501
79510593200
79177580321
79532775667
79309661648
79522102350
79143643437
79152178671
79259753105
79057768823
79194292558
79298118180
79195785848
79271836003
79161783464
79043670353
79523085057
79315054692
79212102001
79280310854
79093742643
79083387819
79228311777
79135787087
79108699605
79505502042
79223265752
79224137794
79097751294
79161968197
79034306031
79043617620
79175753363
79527846237
79064551803
79094321077
79505658427
79536085587
79165695216
79272200206
79307327781
79046796089
79103818489
79151172705
79534192905
79168102506
79262311257
79154826550
79044192493
79176728102
79016580524
79187111344
79523120591
79177645200
79151026842
79162976302
79145285402
79126158828
79504911135
79188270051
79187746014
79114544295
79518551654
79166550976
79059098366
79025573527
79126821344
79220624746
79206031578
79186350357
79193385180
79387812614
79206362321
79378134622
79293101996
79028746422
79493778937
79161273312
79373825563
79191222426
79058746774
79089317874
79231449895
79128381870
79371310879
79512289808
79054937395
79201003297
79382096132
79278439936
79213933310
79199505548
79150259263
79134675747
79041855670
79192206648
79235728372
79059784590
79173790091
79173795878
79177172015
79133701515
79092028232
79212626465
79187093561
79243192668
79199094698
79506461089
79170668614
79112859247
79538216913
79058776090
79207172007
79043208974
79159824565
79214184476
79104271965
79143350950
79184907078
79527462231
79053740012
79175343469
79283030438
79189913046
79097689192
79243479790
79198713768
79284656563
79299093698
79250272247
79518952343
79042936177
79286299517
79027522906
79147344430
79109165911
79374539769
79191801984
79104211226
79166564041
79152200794
79236335233
79203314835
79516586370
79099909198
79381325276
79196044311
79141735237
79381336088
79231516006
79378490648
79510538608
79539301635
79228296215
79373825338
79161316153
79198781662
79373261113
79378423225
79524359200
79508546278
79501112277
79532584642
79173274213
79059184845
79266745268
79148396655
79036343967
79038406796
79167712882
79522834724
79502891803
79184341428
79101443161
79246799612
79229692277
79200775526
79179626935
79170059639
79407757315
79018698141
79373056490
79040885044
79324881778
79218712820
79536701257
79135548166
79153642020
79379661727
79280670434
79262723693
79131994699
79501843505
79308881967
79539579983
79118271636
79069853275
79086679309
79178679147
79185872738
79096312374
79178459535
79106410303
79189487133
79180608909
79505322988
79194533305
79193699111
79195985111
