201003892366 
201018878250 
201021722046 
201117498040 
201010920199 
201123004968 
201098922851 
201096733836 
201008064234 
201004255674 
201026225482 
201201263638 
201096803920 
201098707129 
201272458763 
201224112888 
201149145686 
201021774277 
201140926014 
201030416601 
201013040759 
201222779264 
201223279141 
201029454302 
201024479145 
201029659595 
201001863719 
201095670652 
201225952034 
201119380596 
201019436756 
201226804211 
201159342885 
201223132335 
201007351906 
201126549946 
201151032878 
201018076367 
201006560895 
201228110383 
201204421518 
201002087119 
201110255507 
201270254830 
201116901528 
201122071804 
201102550144 
201027641037 
201149281030 
201118504943 
201099348007 
201148239799 
201066055046 
201222131777 
201272861046 
201095915961 
201208893179 
201114297188 
201110621065 
201030094408 
201009234414 
201153528102 
201112718788 
201062245573 
201116193332 
201229877604 
201222851208 
201159667499 
201007827838 
201285732546 
201003470159 
201272538715 
201271415778 
201024642625 
201020403107 
201061206881 
201223072034 
201150958029 
201220441889 
201002489667 
201094723391 
201278628790 
201273558978 
201227101192 
201006084338 
201286197817 
201026000192 
201033090543 
201068060631 
201021679714 
201228060807 
201200716511 
201159393609 
201033065944 
201112496413 
201097777908 
201112551652 
201065365161 
201019614334 